Id,SalePrice
1461,359308.06
1462,271371.66
1463,415943.2
1464,418948.4
1465,337786.38
1466,398155.88
1467,306869.03
1468,400099.12
1469,341579.5
1470,374421.53
1471,312062.47
1472,418165.4
1473,417796.88
1474,443500.2
1475,266284.03
1476,439867.62
1477,286467.38
1478,321153.53
1479,319230.66
1480,354783.22
1481,418144.53
1482,306756.78
1483,296820.78
1484,305545.34
1485,449725.47
1486,397544.97
1487,448496.88
1488,331020.16
1489,273107.8
1490,346546.44
1491,398710.6
1492,303488.6
1493,350386.97
1494,433365.06
1495,414328.78
1496,308472.56
1497,370891.5
1498,410758.34
1499,395381.94
1500,392529.72
1501,392446.72
1502,388836.9
1503,302833.9
1504,402488.84
1505,294368.4
1506,296238.97
1507,410550.84
1508,431954.53
1509,399951.12
1510,295784.78
1511,332577.94
1512,336613.88
1513,381931.97
1514,296642.12
1515,451301.28
1516,465461.72
1517,326538.97
1518,315061.16
1519,293854.47
1520,324126.53
1521,272636.78
1522,350734.84
1523,391906.6
1524,308424.25
1525,311224.53
1526,303060.4
1527,311589.97
1528,424171.72
1529,341949.9
1530,399350.72
1531,416933.22
1532,318544.12
1533,361421.84
1534,392412.94
1535,399256.72
1536,416130.97
1537,313440.88
1538,352094.5
1539,386721.72
1540,358044.44
1541,430304.66
1542,412272.9
1543,422946.25
1544,313458.8
1545,412418.47
1546,443064.44
1547,487810.25
1548,409709.53
1549,439126.88
1550,411945.72
1551,332871.97
1552,420876.66
1553,435348.9
1554,396718.7
1555,291938.9
1556,395198.56
1557,405987.53
1558,408127.2
1559,401542.38
1560,415068.94
1561,267031.1
1562,322888.12
1563,305895.56
1564,379146.72
1565,428276.06
1566,342847.75
1567,313079.03
1568,437133.78
1569,459498.44
1570,299022.78
1571,316696.88
1572,321317.97
1573,345587.53
1574,284684.88
1575,360167.9
1576,415376.16
1577,295022.16
1578,379394.34
1579,354232.3
1580,413696.88
1581,278434.3
1582,336767.28
1583,306012.12
1584,396654.78
1585,347824.66
1586,302494.34
1587,286570.5
1588,310971.9
1589,429417.97
1590,328669.25
1591,295934.88
1592,333460.3
1593,381516.5
1594,392453.22
1595,380967.8
1596,445566.06
1597,436420.6
1598,439185.5
1599,311954.75
1600,314010.25
1601,325074.66
1602,416823.0
1603,299769.12
1604,360687.88
1605,413285.94
1606,307401.88
1607,322637.56
1608,312832.66
1609,283909.8
1610,418425.16
1611,342568.25
1612,321380.16
1613,324227.38
1614,357203.38
1615,370793.0
1616,396502.62
1617,414512.38
1618,308210.03
1619,340293.6
1620,421310.53
1621,429061.3
1622,433481.12
1623,321070.62
1624,414404.34
1625,309394.6
1626,306784.84
1627,415089.4
1628,419072.47
1629,420190.72
1630,317379.06
1631,311294.7
1632,290687.94
1633,451811.2
1634,418490.84
1635,418945.1
1636,299788.03
1637,458632.78
1638,386239.0
1639,306823.0
1640,415948.38
1641,354153.22
1642,414256.0
1643,389244.56
1644,409151.16
1645,402865.1
1646,345477.03
1647,342722.16
1648,284814.75
1649,311869.3
1650,312622.94
1651,327523.16
1652,417869.72
1653,429962.7
1654,443624.28
1655,330731.94
1656,413032.72
1657,443624.28
1658,447353.72
1659,271741.66
1660,308999.3
1661,476470.8
1662,422941.1
1663,353895.84
1664,354684.47
1665,332960.12
1666,313426.03
1667,444888.75
1668,348654.6
1669,329945.5
1670,354670.84
1671,313548.12
1672,327156.94
1673,415068.5
1674,300101.8
1675,315070.72
1676,312216.34
1677,306756.78
1678,341323.1
1679,322613.1
1680,355489.66
1681,332761.22
1682,304886.78
1683,298135.66
1684,419668.44
1685,411037.16
1686,312103.0
1687,427007.3
1688,403676.62
1689,397420.9
1690,418172.38
1691,415170.47
1692,421475.84
1693,449420.9
1694,418172.38
1695,421097.94
1696,448368.53
1697,428082.0
1698,414452.84
1699,331050.5
1700,421275.6
1701,415094.84
1702,284391.12
1703,304031.16
1704,315764.38
1705,320630.97
1706,352304.78
1707,291198.34
1708,271857.56
1709,296988.84
1710,297879.62
1711,409069.16
1712,295959.56
1713,304433.9
1714,289177.88
1715,389847.6
1716,283067.34
1717,325604.9
1718,264270.84
1719,381147.5
1720,305055.0
1721,281562.06
1722,262268.22
1723,293469.7
1724,286563.03
1725,417204.2
1726,449949.62
1727,283223.16
1728,403391.9
1729,402912.38
1730,408848.12
1731,304775.4
1732,298094.6
1733,327429.4
1734,306804.06
1735,302147.1
1736,328579.94
1737,361908.47
1738,422468.84
1739,389125.53
1740,297623.25
1741,303812.06
1742,392529.72
1743,392519.56
1744,374790.2
1745,295639.4
1746,397632.28
1747,419014.16
1748,443773.66
1749,327076.28
1750,308742.9
1751,459183.53
1752,317282.22
1753,283338.72
1754,446084.06
1755,316280.34
1756,351632.9
1757,306552.7
1758,351321.84
1759,318943.97
1760,358504.44
1761,337468.12
1762,422065.2
1763,349502.03
1764,281398.5
1765,303353.5
1766,347382.44
1767,351679.44
1768,310927.56
1769,352418.72
1770,307789.2
1771,275015.22
1772,307366.5
1773,298992.5
1774,318536.78
1775,313766.78
1776,367923.84
1777,307282.16
1778,308857.9
1779,321640.5
1780,474105.12
1781,314113.03
1782,267540.56
1783,408795.12
1784,435567.47
1785,344176.78
1786,328565.2
1787,414978.5
1788,261695.45
1789,324581.47
1790,264055.16
1791,426190.16
1792,347083.53
1793,361280.16
1794,335818.78
1795,310954.53
1796,285973.75
1797,477993.12
1798,298188.22
1799,295437.28
1800,349098.8
1801,367474.9
1802,278999.06
1803,387155.94
1804,313890.88
1805,319901.53
1806,393220.12
1807,399892.62
1808,405469.1
1809,400439.3
1810,456341.2
1811,404903.22
1812,395590.25
1813,376449.22
1814,316221.88
1815,298764.97
1816,303296.44
1817,411548.7
1818,379005.2
1819,386671.84
1820,264463.72
1821,298732.53
1822,411174.03
1823,253428.89
1824,276352.3
1825,372457.5
1826,424601.7
1827,259474.62
1828,433227.88
1829,333913.66
1830,412338.7
1831,364723.2
1832,351657.75
1833,414254.94
1834,369530.12
1835,381579.62
1836,394137.8
1837,343564.3
1838,428822.94
1839,301927.3
1840,323775.44
1841,332700.53
1842,388286.9
1843,275518.2
1844,375765.78
1845,376960.75
1846,392313.62
1847,280285.0
1848,290957.7
1849,366212.34
1850,309628.88
1851,387963.12
1852,318188.94
1853,291063.56
1854,302819.12
1855,390291.97
1856,413232.6
1857,414074.53
1858,405628.94
1859,316957.47
1860,374557.97
1861,316957.47
1862,469166.84
1863,476122.53
1864,476122.53
1865,353009.84
1866,348692.75
1867,303490.75
1868,313736.22
1869,346698.66
1870,299513.44
1871,312698.12
1872,411037.16
1873,430318.3
1874,341002.44
1875,306735.56
1876,414328.78
1877,293260.2
1878,350734.84
1879,316821.97
1880,349284.53
1881,297707.1
1882,413439.38
1883,386466.16
1884,378879.75
1885,319872.66
1886,312659.97
1887,390821.53
1888,361939.62
1889,396741.16
1890,282226.56
1891,309656.0
1892,309226.4
1893,290019.88
1894,305099.97
1895,323286.38
1896,420331.84
1897,441160.66
1898,380173.1
1899,329156.1
1900,419420.88
1901,416535.66
1902,342509.84
1903,448894.94
1904,340120.06
1905,368613.62
1906,434602.9
1907,324815.47
1908,421000.16
1909,447652.72
1910,424729.66
1911,420913.47
1912,329165.75
1913,377464.97
1914,298598.34
1915,365881.75
1916,266611.44
1917,423740.97
1918,326529.84
1919,376006.25
1920,315584.25
1921,354709.0
1922,349911.88
1923,416799.34
1924,323371.22
1925,378252.72
1926,355521.28
1927,311426.1
1928,308379.6
1929,348646.8
1930,356778.0
1931,335434.0
1932,429018.03
1933,438346.03
1934,417576.44
1935,419035.8
1936,405975.62
1937,415139.3
1938,295560.94
1939,349698.1
1940,327528.75
1941,400061.38
1942,412763.7
1943,312024.88
1944,438638.5
1945,355521.28
1946,344272.0
1947,346256.97
1948,344454.66
1949,361226.47
1950,333555.44
1951,367431.38
1952,365533.28
1953,374097.25
1954,399705.66
1955,430416.66
1956,463623.06
1957,300225.06
1958,417931.62
1959,384713.78
1960,310629.62
1961,341625.8
1962,418108.8
1963,434898.88
1964,417796.88
1965,441338.2
1966,295205.12
1967,306443.7
1968,334284.16
1969,355521.28
1970,414852.47
1971,500802.84
1972,445654.88
1973,468501.94
1974,428623.75
1975,435958.03
1976,312804.66
1977,422921.72
1978,403669.16
1979,357841.66
1980,307229.25
1981,389118.12
1982,315542.9
1983,308506.03
1984,385770.78
1985,345961.72
1986,297965.22
1987,296703.88
1988,399326.4
1989,397544.97
1990,403676.62
1991,306756.78
1992,471076.1
1993,401359.94
1994,413998.4
1995,399450.53
1996,404918.34
1997,409113.8
1998,320887.97
1999,446602.88
2000,413315.25
2001,454809.44
2002,307397.75
2003,424065.12
2004,436809.38
2005,321825.0
2006,280812.2
2007,303117.47
2008,294625.62
2009,402364.25
2010,398710.6
2011,262029.3
2012,297372.1
2013,402139.66
2014,399983.38
2015,418557.6
2016,398221.4
2017,405899.28
2018,289129.7
2019,325599.1
2020,319144.88
2021,298070.25
2022,318836.38
2023,486294.8
2024,456313.97
2025,416512.88
2026,280146.9
2027,388506.78
2028,360241.78
2029,393330.44
2030,319034.3
2031,301317.62
2032,317340.44
2033,312177.78
2034,432955.56
2035,456207.53
2036,432955.56
2037,432955.56
2038,509339.28
2039,332161.1
2040,421711.62
2041,379814.9
2042,390104.8
2043,380759.2
2044,379414.75
2045,323829.28
2046,307025.2
2047,411840.62
2048,339600.47
2049,315136.22
2050,443745.94
2051,343660.66
2052,338819.8
2053,303901.4
2054,405911.25
2055,296109.34
2056,294971.4
2057,274088.22
2058,416154.06
2059,334138.2
2060,343191.28
2061,352902.62
2062,308227.3
2063,311016.25
2064,346864.8
2065,302621.44
2066,309108.1
2067,280156.0
2068,313447.5
2069,302798.97
2070,392914.5
2071,265496.7
2072,422162.0
2073,320604.9
2074,313329.56
2075,270360.34
2076,330182.6
2077,282286.0
2078,320486.7
2079,429861.88
2080,299867.25
2081,409508.94
2082,294501.5
2083,428848.5
2084,298320.9
2085,291445.28
2086,260174.02
2087,407628.8
2088,360815.38
2089,297302.9
2090,397432.66
2091,367232.56
2092,403452.56
2093,442300.3
2094,272184.88
2095,447127.9
2096,303432.3
2097,367897.25
2098,411921.0
2099,278492.47
2100,284489.16
2101,407301.34
2102,380085.06
2103,393918.47
2104,421352.25
2105,366774.66
2106,379681.97
2107,394551.06
2108,312300.78
2109,298445.0
2110,331412.84
2111,370361.97
2112,389843.0
2113,413396.5
2114,367977.62
2115,390678.28
2116,329107.84
2117,417971.25
2118,423316.72
2119,298772.6
2120,423040.97
2121,300584.03
2122,378840.88
2123,268129.34
2124,423084.1
2125,407108.1
2126,377385.84
2127,413559.88
2128,362034.7
2129,312795.0
2130,371027.22
2131,294626.84
2132,408507.0
2133,283504.38
2134,423812.62
2135,305508.53
2136,403950.22
2137,264933.66
2138,361120.62
2139,351987.84
2140,307782.03
2141,373558.94
2142,271155.38
2143,371338.12
2144,360144.7
2145,317650.22
2146,306170.3
2147,303754.3
2148,429279.03
2149,333779.94
2150,349960.16
2151,405524.84
2152,272094.78
2153,364410.88
2154,317684.9
2155,381150.16
2156,460932.62
2157,306050.28
2158,410550.84
2159,411111.4
2160,397544.97
2161,307640.66
2162,383716.97
2163,359797.78
2164,312284.5
2165,355274.88
2166,325604.9
2167,306816.4
2168,400090.12
2169,402139.66
2170,397317.03
2171,336889.66
2172,343264.97
2173,396452.25
2174,400257.75
2175,421527.47
2176,305765.22
2177,394564.1
2178,413315.25
2179,328119.84
2180,288410.25
2181,295050.22
2182,294412.97
2183,301538.9
2184,325726.9
2185,350655.34
2186,351512.5
2187,364123.75
2188,469453.5
2189,319868.0
2190,279954.1
2191,294580.47
2192,319526.94
2193,401259.03
2194,382717.66
2195,309222.56
2196,295484.66
2197,413628.84
2198,317264.2
2199,464613.1
2200,460070.3
2201,404745.2
2202,391370.75
2203,395259.1
2204,389299.1
2205,432497.47
2206,328520.06
2207,463421.84
2208,414232.8
2209,312460.22
2210,444086.0
2211,325568.2
2212,391584.22
2213,398645.28
2214,432079.78
2215,266878.88
2216,425021.25
2217,283387.62
2218,356276.75
2219,389981.2
2220,357734.7
2221,365881.75
2222,364676.12
2223,319390.7
2224,392801.28
2225,392633.06
2226,306546.56
2227,361721.7
2228,308609.34
2229,438201.97
2230,418425.16
2231,411841.4
2232,337622.3
2233,363119.28
2234,320630.97
2235,292048.94
2236,324284.0
2237,323445.03
2238,348375.97
2239,256381.83
2240,294313.34
2241,369575.8
2242,294124.06
2243,389532.97
2244,393932.94
2245,398452.1
2246,307410.9
2247,406606.53
2248,305809.62
2249,308227.3
2250,328296.16
2251,388072.84
2252,308736.28
2253,429246.66
2254,419845.2
2255,403496.8
2256,409343.0
2257,408046.66
2258,287240.1
2259,394340.06
2260,320734.22
2261,337786.97
2262,310453.5
2263,438638.1
2264,397848.22
2265,329980.97
2266,325853.84
2267,306682.56
2268,394792.78
2269,323815.72
2270,414285.47
2271,353399.62
2272,417359.53
2273,306831.78
2274,306022.28
2275,362960.1
2276,334316.6
2277,430592.97
2278,327523.16
2279,333215.1
2280,306526.66
2281,301853.75
2282,314305.94
2283,417666.4
2284,379881.8
2285,269519.44
2286,311002.2
2287,354783.22
2288,299818.3
2289,311008.47
2290,455846.9
2291,412967.38
2292,396118.56
2293,354783.22
2294,413505.1
2295,362710.72
2296,394980.6
2297,460628.75
2298,339970.9
2299,422039.94
2300,420039.2
2301,444726.53
2302,293260.2
2303,295034.7
2304,381105.7
2305,312559.34
2306,312559.34
2307,315070.72
2308,305990.66
2309,348594.97
2310,315542.9
2311,305990.66
2312,421048.0
2313,395855.25
2314,394753.84
2315,393567.34
2316,395018.34
2317,312396.66
2318,410285.78
2319,395903.47
2320,312084.22
2321,304859.9
2322,305015.44
2323,304344.78
2324,449469.28
2325,304256.88
2326,436448.16
2327,404814.06
2328,415294.53
2329,413740.2
2330,393567.34
2331,437138.94
2332,418701.5
2333,417126.44
2334,402910.56
2335,459487.0
2336,415094.84
2337,287972.78
2338,313005.97
2339,315291.12
2340,359783.28
2341,321493.9
2342,299699.0
2343,313255.22
2344,378962.75
2345,380772.5
2346,283682.22
2347,273215.1
2348,414610.12
2349,412537.56
2350,436664.47
2351,326905.38
2352,302669.47
2353,403845.2
2354,264270.84
2355,264270.84
2356,326400.97
2357,287391.0
2358,395313.06
2359,405547.94
2360,320289.8
2361,338438.8
2362,459495.28
2363,292487.78
2364,325848.7
2365,308615.6
2366,298077.25
2367,298077.25
2368,296037.72
2369,289894.44
2370,450429.94
2371,392557.72
2372,272575.97
2373,448900.22
2374,487006.47
2375,375866.75
2376,306012.12
2377,378737.38
2378,285466.8
2379,415821.66
2380,352319.7
2381,349854.84
2382,380531.84
2383,298227.28
2384,414328.78
2385,343803.34
2386,292717.8
2387,281488.72
2388,315640.2
2389,319987.06
2390,357949.66
2391,354640.47
2392,298977.78
2393,344127.53
2394,330789.16
2395,490058.72
2396,300606.9
2397,382996.84
2398,342482.53
2399,260932.39
2400,372191.47
2401,312973.66
2402,354919.9
2403,311442.25
2404,320821.5
2405,395975.44
2406,318062.72
2407,310970.12
2408,364387.97
2409,315720.84
2410,372402.94
2411,273147.2
2412,289270.38
2413,308189.16
2414,315899.22
2415,319701.44
2416,296269.5
2417,350437.66
2418,318643.1
2419,409633.03
2420,316967.97
2421,377636.03
2422,278451.1
2423,399952.2
2424,315416.3
2425,435281.62
2426,426975.16
2427,380584.38
2428,467220.22
2429,300005.97
2430,331431.6
2431,285458.78
2432,307024.5
2433,357130.2
2434,308189.16
2435,333133.97
2436,312599.28
2437,315538.62
2438,294029.47
2439,321757.25
2440,431467.44
2441,282689.03
2442,313763.28
2443,331538.5
2444,410365.03
2445,439389.47
2446,415275.7
2447,404821.2
2448,425116.28
2449,429181.47
2450,394035.38
2451,391256.16
2452,399203.5
2453,303262.28
2454,277977.4
2455,434865.16
2456,383446.56
2457,411646.16
2458,425292.94
2459,302622.78
2460,443729.28
2461,407682.6
2462,404891.2
2463,426947.0
2464,365197.16
2465,380466.8
2466,401284.72
2467,454207.12
2468,356452.75
2469,387076.3
2470,426941.53
2471,470287.38
2472,447682.6
2473,447632.44
2474,392663.56
2475,453247.94
2476,373420.9
2477,290222.16
2478,355076.6
2479,346173.88
2480,361472.47
2481,290132.84
2482,337978.22
2483,326749.62
2484,347222.28
2485,321673.0
2486,331740.8
2487,432625.28
2488,459757.7
2489,343882.72
2490,343182.38
2491,321484.97
2492,377822.38
2493,306909.1
2494,309250.9
2495,300560.78
2496,366908.62
2497,405981.22
2498,308227.3
2499,304208.03
2500,294339.06
2501,308210.03
2502,442079.2
2503,386778.3
2504,446725.2
2505,410550.84
2506,313769.28
2507,305437.3
2508,307640.66
2509,293260.2
2510,306050.28
2511,283531.22
2512,378962.75
2513,474502.97
2514,389980.44
2515,329562.34
2516,396205.44
2517,305264.97
2518,306164.16
2519,410550.84
2520,416750.0
2521,381064.56
2522,418182.28
2523,337267.4
2524,354222.03
2525,353790.28
2526,340961.84
2527,330064.1
2528,303631.84
2529,350400.0
2530,347739.34
2531,348867.97
2532,413285.94
2533,395903.47
2534,323869.7
2535,420286.1
2536,414291.03
2537,305850.34
2538,381102.62
2539,298640.88
2540,304191.5
2541,393574.0
2542,392490.38
2543,331028.7
2544,345420.34
2545,498147.44
2546,334385.1
2547,347312.06
2548,414192.47
2549,409467.06
2550,353699.1
2551,308210.0
2552,329569.7
2553,297080.28
2554,281997.75
2555,438287.9
2556,324727.5
2557,327575.53
2558,371448.25
2559,313159.84
2560,423674.7
2561,425543.6
2562,402434.56
2563,410076.22
2564,464914.5
2565,353556.03
2566,374948.4
2567,470629.53
2568,340820.38
2569,348413.0
2570,444086.0
2571,312493.78
2572,323206.9
2573,314192.44
2574,349714.44
2575,442130.2
2576,404171.53
2577,408726.03
2578,305001.2
2579,294021.4
2580,406417.16
2581,271134.75
2582,316923.1
2583,412252.53
2584,377463.53
2585,312945.03
2586,350299.72
2587,306559.0
2588,287841.38
2589,350520.7
2590,359771.25
2591,371765.16
2592,296897.28
2593,362438.34
2594,340590.5
2595,294759.75
2596,320083.75
2597,307745.88
2598,429124.97
2599,381442.16
2600,340892.22
2601,339962.8
2602,410738.7
2603,399295.25
2604,377003.94
2605,393359.4
2606,329825.1
2607,351187.94
2608,307312.62
2609,462485.47
2610,320904.06
2611,254325.5
2612,348904.0
2613,317254.94
2614,307328.8
2615,346464.12
2616,360520.94
2617,347381.25
2618,305914.38
2619,307155.7
2620,415170.47
2621,399756.94
2622,398317.7
2623,407053.47
2624,482222.75
2625,390537.88
2626,359435.12
2627,282833.56
2628,438638.1
2629,449505.44
2630,418787.4
2631,495188.0
2632,439532.9
2633,312600.34
2634,390018.0
2635,314547.4
2636,398004.6
2637,351701.97
2638,407687.88
2639,425110.62
2640,294020.47
2641,339960.94
2642,303656.8
2643,417455.6
2644,417098.97
2645,416858.56
2646,419047.4
2647,416073.2
2648,359718.38
2649,340195.75
2650,284020.8
2651,413032.72
2652,465801.78
2653,346102.53
2654,286271.8
2655,396006.25
2656,426084.16
2657,473682.25
2658,425761.9
2659,398303.9
2660,445616.72
2661,338599.25
2662,354642.84
2663,415617.72
2664,347828.9
2665,320920.53
2666,337763.4
2667,398184.66
2668,391193.1
2669,336354.72
2670,417255.12
2671,390537.88
2672,312103.0
2673,312103.0
2674,304859.9
2675,332116.6
2676,411037.16
2677,451729.12
2678,386958.84
2679,419384.9
2680,416836.3
2681,441677.25
2682,419153.34
2683,484267.7
2684,428252.1
2685,437218.56
2686,403706.97
2687,310936.2
2688,334786.88
2689,283654.16
2690,431083.34
2691,371782.28
2692,262138.14
2693,293818.8
2694,262268.22
2695,395903.47
2696,385860.47
2697,379728.8
2698,438869.62
2699,294096.06
2700,294096.06
2701,407200.53
2702,326362.8
2703,393004.84
2704,343012.22
2705,303124.56
2706,280695.47
2707,292208.75
2708,310170.84
2709,298824.84
2710,319159.28
2711,475027.0
2712,425122.3
2713,283271.72
2714,370631.06
2715,392529.72
2716,370896.2
2717,410815.12
2718,286520.56
2719,302934.7
2720,350569.0
2721,332402.1
2722,457001.1
2723,344592.25
2724,310508.94
2725,269057.72
2726,292314.28
2727,282955.0
2728,335907.47
2729,421905.28
2730,311332.62
2731,320825.7
2732,277349.1
2733,343286.8
2734,295397.44
2735,311370.78
2736,376915.03
2737,312242.12
2738,315136.22
2739,309605.25
2740,321365.94
2741,290752.78
2742,351767.6
2743,377664.47
2744,340288.72
2745,297848.4
2746,272983.72
2747,331710.6
2748,327145.66
2749,356634.28
2750,350473.0
2751,353308.06
2752,336571.28
2753,337594.28
2754,418496.72
2755,378171.66
2756,271292.7
2757,364494.66
2758,391303.22
2759,445727.62
2760,408036.06
2761,291158.03
2762,273482.47
2763,346570.8
2764,341195.06
2765,422098.8
2766,409709.53
2767,312210.34
2768,295461.03
2769,344821.9
2770,331772.53
2771,312508.3
2772,274554.84
2773,386088.84
2774,419809.38
2775,420837.88
2776,395792.4
2777,429631.2
2778,405633.84
2779,380436.75
2780,311415.1
2781,269072.9
2782,335318.97
2783,435868.88
2784,335416.56
2785,416037.66
2786,296277.0
2787,409633.03
2788,297803.1
2789,383771.5
2790,370224.53
2791,313556.06
2792,299339.22
2793,373344.03
2794,350194.97
2795,394885.7
2796,300684.06
2797,416050.8
2798,429385.28
2799,368735.78
2800,280411.88
2801,310558.62
2802,437393.03
2803,287072.06
2804,331089.1
2805,310885.88
2806,267041.28
2807,282467.75
2808,315509.47
2809,314752.47
2810,270035.12
2811,380252.66
2812,385168.84
2813,328811.34
2814,330914.16
2815,318850.78
2816,330411.75
2817,362792.5
2818,355314.0
2819,419008.53
2820,337940.16
2821,416284.47
2822,439883.25
2823,423433.8
2824,340205.97
2825,348467.22
2826,304070.53
2827,409508.94
2828,453732.78
2829,371134.78
2830,380772.5
2831,285332.94
2832,307699.38
2833,315057.88
2834,379645.88
2835,312945.03
2836,399476.72
2837,296151.97
2838,310942.12
2839,397702.7
2840,294788.22
2841,396205.44
2842,415132.72
2843,396430.0
2844,375095.28
2845,306590.84
2846,409753.56
2847,414328.78
2848,302330.25
2849,380772.5
2850,437177.1
2851,399756.9
2852,415013.78
2853,428741.78
2854,347824.66
2855,294334.03
2856,381102.62
2857,392578.94
2858,291464.0
2859,444297.6
2860,307528.84
2861,299183.72
2862,403138.97
2863,326083.44
2864,399510.97
2865,319672.1
2866,383065.78
2867,390295.47
2868,404649.16
2869,385992.53
2870,296582.34
2871,291963.5
2872,298948.5
2873,385283.2
2874,408847.25
2875,433564.6
2876,431597.8
2877,412912.97
2878,398546.78
2879,406003.75
2880,405626.12
2881,410866.22
2882,462799.2
2883,453376.4
2884,464822.78
2885,394894.22
2886,476041.3
2887,298767.3
2888,439520.4
2889,300767.06
2890,300684.06
2891,369025.8
2892,287508.72
2893,381644.16
2894,395396.12
2895,378910.47
2896,354610.62
2897,313453.75
2898,312334.6
2899,281571.9
2900,338577.22
2901,384609.3
2902,301105.62
2903,319024.56
2904,355030.12
2905,283920.5
2906,310795.28
2907,406475.6
2908,272656.78
2909,329051.22
2910,304182.16
2911,411334.6
2912,343139.6
2913,400004.16
2914,366994.56
2915,397400.6
2916,367369.1
2917,346579.9
2918,270499.7
2919,436411.03
